Spring

1 12 9 6 3 0108 0504
2 6 4 3 2 0108 0302
3 6 4 3 2 0304 0504
91 9 7 5 3 0108 0407
92 9 7 5 3 0205 0504

Fall

1 12 9 6 3 0821 1209
2 6 4 3 2 0821 1014
3 6 4 3 2 01016 1209
91 8 6 4 2 0821 1112
92 8 6 4 2 0918 1209

Summer

1 9 7 5 3 0515 0811
2 4 3 2 1 0515 0627
3 4 3 2 1 0628 0811
4 6 4 3 2 0620 0811
10 6 4 3 2 0515 0709
90 5 4 3 2 0626 0811
96 5 4 3 2 0515 0630

The format for each term is:

Term_number Fulltime 3/4Time HalfTime 1/4Time StartDate EndDate

The dates should be entered as MMDD